# Created by Octave 5.2.0, Fri Apr 24 19:22:23 2020 CDT <edervs@Eduardos-MacBook-Pro.local>
# name: B
# type: matrix
# rows: 3
# columns: 3
 1 2 3
 1 2 3
 1 2 3


